0 1 1000 1000
58
997 334 1464 -221 1451 -865 
112 1668 -107 1315 9 782 
-4 1604 -1 1106 280 426 
353 977 96 1267 112 1761 
1356 -258 812 93 1165 861 
58 805 -472 575 -755 93 
0 -142 602 -275 404 49 
577 189 543 545 1248 -99 
397 95 691 -347 971 -465 
-201 750 510 756 -82 1214 
902 333 1122 191 458 -434 
1443 892 983 763 1627 894 
753 107 1006 22 1529 -476 
-963 -278 -339 370 398 738 
-409 1120 -75 1324 244 686 
789 302 1297 637 2029 -52 
787 351 853 391 784 592 
614 901 639 1001 890 918 
361 -133 970 253 1736 607 
168 559 -390 1129 87 1075 
138 251 922 -314 479 -693 
827 311 896 -455 1633 331 
943 512 1725 629 2280 1049 
948 481 1392 34 1923 641 
378 872 358 773 352 751 
-216 313 -156 765 384 977 
1145 447 1136 746 589 822 
793 21 707 319 663 -119 
43 470 -42 1262 641 1592 
31 543 -552 439 -322 699 
1267 -548 881 -54 964 671 
388 435 309 547 594 1297 
995 285 1213 -462 846 56 
610 1119 942 474 745 -138 
570 1284 -36 1660 255 880 
889 74 808 586 873 249 
78 465 385 1231 -383 537 
512 27 543 91 1066 -39 
1980 954 1350 667 805 276 
11 643 250 518 -148 873 
611 882 869 243 764 -498 
1090 25 1028 403 957 447 
-312 641 458 815 459 1523 
755 537 758 162 1512 860 
-355 1809 -131 1123 292 399 
1375 1303 936 523 847 172 
211 883 -536 668 -540 860 
464 -456 -254 -543 276 83 
-968 1920 -650 1741 103 952 
965 976 1632 285 1083 -94 
639 404 1121 245 815 442 
-599 648 -694 998 56 707 
1056 561 580 18 579 -534 
659 -290 508 -461 254 61 
449 1675 580 1037 246 455 
431 -522 578 259 754 327 
999 999 2000 1999 2000 1900 
999 999 1999 2000 1900 2000 
